forecast_div_multiplier:
  MIX: 1.8358401716989723
forecast_mapping: {}
forecast_scalars:
  accel16: 6.375571691984089
  accel32: 4.535349329052078
  accel64: 2.8906414256834507
  assettrend16: 10.22840677059504
  assettrend2: 24.327570765201756
  assettrend32: 6.684508249755912
  assettrend4: 18.414618551287173
  assettrend64: 4.347192478984777
  assettrend8: 14.195319902912578
  breakout10: 0.5493575991091164
  breakout160: 0.6536698657598066
  breakout20: 0.6028769242094205
  breakout320: 0.9947771134411116
  breakout40: 0.640364758002694
  breakout80: 0.6710619638088005
  carry10: 51.830236572373565
  carry125: 74.98168091432282
  carry30: 59.16443151153704
  carry60: 67.52459868464392
  momentum16: 3.0621433807001153
  momentum32: 2.0572040075666873
  momentum4: 6.254437103003635
  momentum64: 1.4226259445538565
  momentum8: 4.453651535327476
  mrinasset1000: .nan
  normmom16: 10.25612612283086
  normmom2: 24.60878699768637
  normmom32: 6.714785197148294
  normmom4: 18.492130898086664
  normmom64: 4.357202617373943
  normmom8: 14.224625438418869
  relcarry: .nan
  relmomentum10: .nan
  relmomentum20: .nan
  relmomentum40: .nan
  relmomentum80: .nan
  skewabs180: 3.4663972964335077
  skewabs365: 1.7526449816960217
  skewrv180: 2.313527313324012
  skewrv365: 1.2614124937419724
forecast_weights:
  MIX:
    accel16: 0.0652344602522627
    accel32: 0.06749844253872624
    accel64: 0.15861053237788306
    assettrend16: 0.03191352243523103
    assettrend2: 0.014257955250580115
    assettrend32: 0.012752773663914977
    assettrend4: 0.010630174510869216
    assettrend64: 0.010946788648190403
    assettrend8: 0.011255392326733
    breakout10: 0.045688637758696436
    breakout160: 0.020020215428786174
    breakout20: 0.010829052103443227
    breakout320: 0.013842967096961242
    breakout40: 0.012201962776127687
    breakout80: 0.036457863831455245
    carry10: 0.012521328368944965
    carry125: 0.02431178113019924
    carry30: 0.019116213561051597
    carry60: 0.0264728017560872
    momentum16: 0.03638619622037651
    momentum32: 0.01478269254162311
    momentum4: 0.011513493548844775
    momentum64: 0.012233251173178918
    momentum8: 0.011408045501540317
    mrinasset1000: 0.0
    normmom16: 0.032670166383987606
    normmom2: 0.013593150970076205
    normmom32: 0.012845954187422983
    normmom4: 0.010632884743175924
    normmom64: 0.011037929226501061
    normmom8: 0.011746851387747677
    relcarry: 0.0
    relmomentum10: 0.0
    relmomentum20: 0.0
    relmomentum40: 0.0
    relmomentum80: 0.0
    skewabs180: 0.04957117928538724
    skewabs365: 0.06432718795382535
    skewrv180: 0.035969813053865325
    skewrv365: 0.06671833800630325
instrument_div_multiplier: 1.0
instrument_weights:
  MIX: 1.0
