forecast_div_multiplier:
  BSPB: 1.0
forecast_mapping: {}
forecast_scalars:
  accel16: 7.8170710605387095
  accel32: 5.563487137713779
  accel64: 3.896720541225276
  assettrend16: 3.549452858682833
  assettrend2: 10.846520114531351
  assettrend32: 2.3449234496490723
  assettrend4: 7.572334583056326
  assettrend64: 1.5465144366886119
  assettrend8: 5.190470936448635
  breakout10: 0.6031025130185256
  breakout160: 0.7388310187414805
  breakout20: 0.6742627921625178
  breakout320: 0.7366197028421859
  breakout40: 0.7036929411910525
  breakout80: 0.726260784624834
  carry10: 27.815707053556984
  carry125: 29.366474500729886
  carry30: 28.384062881349813
  carry60: 28.40072429176199
  momentum16: 4.104172020369661
  momentum32: 2.786994330124792
  momentum4: 8.539940954709955
  momentum64: 1.9093945630747895
  momentum8: 5.949404365193165
  mrinasset1000: 653.253194
  normmom16: 4.116536590599602
  normmom2: 12.388305650778637
  normmom32: 2.758872936017786
  normmom4: 8.614429965006694
  normmom64: 1.8706800701120874
  normmom8: 5.979138542342214
  relcarry: 49.44179741391023
  relmomentum10: 61.24026078373817
  relmomentum20: 86.50746400987076
  relmomentum40: 117.77937298659975
  relmomentum80: 159.87802982511536
  skewabs180: 4.590246757939031
  skewabs365: 2.351483885205172
  skewrv180: 5.244752769697409
  skewrv365: 3.002222097593425
forecast_weights:
  BSPB:
    accel16: 0.030641884899257017
    accel32: 0.02846894338878284
    accel64: 0.022036160562255713
    assettrend16: 0.0313236319864587
    assettrend2: 0.0313236319864587
    assettrend32: 0.0313236319864587
    assettrend4: 0.0313236319864587
    assettrend64: 0.0313236319864587
    assettrend8: 0.0313236319864587
    breakout10: 0.031941801071156496
    breakout160: 0.009531654410357667
    breakout20: 0.03121450359342218
    breakout320: 0.0
    breakout40: 0.029759215878675544
    breakout80: 0.02566202493491026
    carry10: 0.03232404093105331
    carry125: 0.03232404093105331
    carry30: 0.03232404093105331
    carry60: 0.03232404093105331
    momentum16: 0.03222992068788169
    momentum32: 0.03222992068788169
    momentum4: 0.03222992068788169
    momentum64: 0.03222992068788169
    momentum8: 0.03222992068788169
    mrinasset1000: 0.0
    normmom16: 0.0313236319864587
    normmom2: 0.0313236319864587
    normmom32: 0.0313236319864587
    normmom4: 0.0313236319864587
    normmom64: 0.0313236319864587
    normmom8: 0.0313236319864587
    relcarry: 0.0
    relmomentum10: 0.0
    relmomentum20: 0.0
    relmomentum40: 0.0
    relmomentum80: 0.0
    skewabs180: 0.031103615065014096
    skewabs365: 0.031103615065014096
    skewrv180: 0.031103615065014096
    skewrv365: 0.031103615065014096
instrument_div_multiplier: 1.0
instrument_weights:
  BSPB: 1.0
