forecast_div_multiplier:
  YNDF: 1.7533970000568033
forecast_mapping: {}
forecast_scalars:
  accel16: 7.8170710605387095
  accel32: 5.563487137713779
  accel64: 3.896720541225276
  assettrend16: 3.549452858682833
  assettrend2: 10.846520114531351
  assettrend32: 2.3449234496490723
  assettrend4: 7.572334583056326
  assettrend64: 1.5465144366886119
  assettrend8: 5.190470936448635
  breakout10: 0.6031025130185256
  breakout160: 0.7388310187414805
  breakout20: 0.6742627921625178
  breakout320: 0.7366197028421859
  breakout40: 0.7036929411910525
  breakout80: 0.726260784624834
  carry10: 27.815707053556984
  carry125: 29.366474500729886
  carry30: 28.384062881349813
  carry60: 28.40072429176199
  momentum16: 4.104172020369661
  momentum32: 2.786994330124792
  momentum4: 8.539940954709955
  momentum64: 1.9093945630747895
  momentum8: 5.949404365193165
  mrinasset1000: 653.253194
  normmom16: 4.116536590599602
  normmom2: 12.388305650778637
  normmom32: 2.758872936017786
  normmom4: 8.614429965006694
  normmom64: 1.8706800701120874
  normmom8: 5.979138542342214
  relcarry: 49.44179741391023
  relmomentum10: 61.24026078373817
  relmomentum20: 86.50746400987076
  relmomentum40: 117.77937298659975
  relmomentum80: 159.87802982511536
  skewabs180: 4.590246757939031
  skewabs365: 2.351483885205172
  skewrv180: 5.244752769697409
  skewrv365: 3.002222097593425
forecast_weights:
  YNDF:
    accel16: 0.032296582511703274
    accel32: 0.14049963693793924
    accel64: 0.10880919979377073
    assettrend16: 0.002200686172566429
    assettrend2: 0.005660372725650578
    assettrend32: 0.006965889070985919
    assettrend4: 0.003764466953435637
    assettrend64: 0.00857843706251971
    assettrend8: 0.001498766032422685
    breakout10: 0.0064877095222234836
    breakout160: 0.0121485930652337
    breakout20: 0.0037288440389426415
    breakout320: 0.1043745400705318
    breakout40: 0.03466459400568332
    breakout80: 0.04539503166395348
    carry10: 0.060964864148999896
    carry125: 0.034971425377430664
    carry30: 0.01987015477337306
    carry60: 0.020446467513066294
    momentum16: 0.01681479342018177
    momentum32: 0.011492683174846486
    momentum4: 0.005846719218823615
    momentum64: 0.024786846569382924
    momentum8: 0.009286962949460187
    mrinasset1000: 0.0
    normmom16: 0.002584524554641424
    normmom2: 0.0058629989979531545
    normmom32: 0.008046307485798801
    normmom4: 0.004126640233945395
    normmom64: 0.009115390758347304
    normmom8: 0.00180976520427622
    relcarry: 0.0
    relmomentum10: 0.0
    relmomentum20: 0.0
    relmomentum40: 0.0
    relmomentum80: 0.0
    skewabs180: 0.02014043787059812
    skewabs365: 0.030010173429569836
    skewrv180: 0.05797936043962137
    skewrv365: 0.13877013425212095
instrument_div_multiplier: 1.0
instrument_weights:
  YNDF: 1.0
